3649235840
3649235842
3649235845
3649235852
3649235854
3649235856
3649235859
3649235860
3649235861
3649235862
3649235865
3649235866
3649235868
3649235869
3649235872
3649235873
3649235883
3649235884
3649235885
3649235886
3649235891
3649235892
3649235894
3649235895
3649235897
3649235898
3649235899
3649235900
3649235901
3649235909
3649235910
3649235911
3649235913
3649235914
3649235915
3649235916
3649235925
3649235927
3649235934
3649235940
3649235941
3649235950
3649235951
3649235952
3649235955
3649235956
3649235958
3649235959
3649235962
3649235966
3649235970
3649235971
3649235975
3649235976
3649235977
3649235979
3649235981
3649235987
3649235989
3649235990
3649235991
3649235992
3649235993
3649235994
3649235995
3649235997
3649236001
3649236002
3649236006
3649236012
3649236013
3649236014
3649236015
3649236016
3649236019
3649236020
3649236022
3649236023
3649236025
3649236026
3649236029
3649236031
3649236033
3649236034
3649236037
3649236038
3649236039
3649236040
3649236045
3649236046
3649236047
3649236048
3649236058
3649236059
3649236060
3649236061
3649236062
3649236064
3649236066
3649236068
3649236071
3649236075
3649236077
3649236078
3649236079
3649236083
3649236086
3649236101
3649236103
3649236105
3649236107
3649236108
3649236112
3649236114
3649236117
3649236141
3649236148
3649236149
3649236150
3649236153
3649236154
3649236155
3649236161
3649236180
3649236181
3649236182
3649236193
3649236194
3649236197
3649236198
3649236200
3649236203
3649236207
3649236210
3649236211
3649236214
3649236216
3649236234
3649236235
3649236236
3649236238
3649236240
3649236241
3649236245
3649236246
3649236254
3649236256
3649236257
3649236259
3649236263
3649236264
3649236266
3649236269
3649236271
3649236273
3649236277
3649236279
3649236297
3649236299
3649236302
3649236303
3649236304
3649236305
3649236308
3649236309
3649236310
3649236311
3649236315
3649236317
3649236321
3649236322
3649236323
3649236324
3649236325
3649236327
3649236344
3649236345
3649236346
3649236352
3649236354
3649236359
3649236361
3649236363
3649236364
3649236365
3649236366
3649236367
3649236369
3649236377
3649236378
3649236381
3649236382
3649236383
3649236384
3649236385
3649236387
3649236391
3649236393
3649236394
3649236395
3649236396
3649236398
3649236404
3649236405
3649236407
3649236408
3649236412
3649236413
3649236417
3649236418
3649236419
3649236423
3649236424
3649236428
3649236429
3649236447
3649236455
3649236456
3649236457
3649236460
3649236463
3649236465
3649236472
3649236473
3649236474
3649236478
3649236479
3649236482
3649236484
3649236485
3649236488
3649236493
3649236494
3649236495
3649236497
3649236500
3649236503
3649236510
3649236525
3649236526
3649236527
3649236529
3649236534
3649236535
3649236536
3649236537
3649236539
3649236542
3649236545
3649236546
3649236556
3649236558
3649236559
3649236560
3649236570
3649236574
3649236586
3649236589
3649236590
3649236592
3649236593
3649236594
3649236596
3649236600
3649236603
3649236604
3649236605
3649236608
3649236609
3649236610
3649236611
3649236612
3649236615
3649236618
3649236619
3649236641
3649236642
3649236644
3649236655
3649236657
3649236658
3649236659
3649236663
3649236665
3649236667
3649236669
3649236670
3649236673
3649236676
3649236678
3649236679
3649236688
3649236690
3649236691
3649236693
3649236694
3649236696
3649236697
3649236699
3649236701
3649236702
3649236703
3649236705
3649236706
3649236707
3649236729
3649236730
3649236733
3649236737
3649236738
3649236739
3649236752
3649236753
3649236756
3649236758
3649236759
3649236760
3649236773
3649236775
3649236776
3649236782
3649236795
3649236799
3649236804
3649236806
3649236807
3649236808
3649236810
3649236812
3649236813
3649236815
3649236817
3649236818
3649236824
3649236825
3649236826
3649236827
3649236829
3649236831
3649236835
3649236841
3649236843
3649236853
3649236854
3649236855
3649236856
3649236858
3649236859
3649236860
3649236862
3649236865
3649236868
3649236869
3649236870
3649236871
3649236874
3649236875
3649236876
3649236878
3649236881
3649236882
3649236883
3649236884
3649236886
3649236891
3649236892
3649236893
3649236894
3649236896
3649236897
3649236900
3649236901
3649236903
3649236904
3649236915
3649236933
3649236935
3649236942
3649236944
3649236948
3649236949
3649236954
3649236956
3649236957
3649236958
3649236959
3649236973
3649236976
3649236980
3649236981
3649236983
3649236984
3649236985
3649236991
3649236992
3649236996
3649236997
3649236998
3649237000
3649237015
3649237017
3649237020
3649237021
3649237022
3649237023
3649237029
3649237030
3649237041
3649237045
3649237046
3649237050
3649237051
3649237054
3649237056
3649237057
3649237058
3649237059
3649237062
3649237065
3649237067
3649237069
3649237073
3649237074
3649237076
3649237077
3649237080
3649237081
3649237084
3649237085
3649237087
3649237089
3649237090
3649237091
3649237092
3649237094
3649237099
3649237100
3649237103
3649237104
3649237105
3649237106
3649237107
3649237111
3649237112
3649237114
3649237120
3649237122
3649237134
3649237138
3649237142
3649237143
3649237163
3649237164
3649237166
3649237167
3649237168
3649237169
3649237173
3649237174
3649237176
3649237177
3649237182
3649237183
3649237184
3649237185
3649237187
3649237188
3649237189
3649237190
3649237192
3649237195
3649237197
3649237199
3649237200
3649237201
3649237204
3649237206
3649237209
3649237211
3649237212
3649237213
3649237214
3649237215
3649237216
3649237217
3649237219
3649237220
3649237221
3649237223
3649237224
3649237226
3649237227
3649237229
3649237230
3649237232
3649237235
3649237238
3649237239
3649237240
3649237248
3649237249
3649237252
3649237253
3649237260
3649237261
3649237262
3649237265
3649237266
3649237270
3649237271
3649237272
3649237273
3649237274
3649237276
3649237277
3649237278
3649237280
3649237281
3649237286
3649237292
3649237293
3649237297
3649237298
3649237299
3649237300
3649237303
3649237308
3649237314
3649237319
3649237321
3649237324
3649237327
3649237350
3649237352
3649237362
3649237364
3649237365
3649237366
3649237371
3649237372
3649237377
3649237384
3649237386
3649237387
3649237394
3649237395
3649237397
3649237402
3649237403
3649237404
3649237405
3649237418
3649237419
3649237420
3649237421
3649237422
3649237423
3649237425
3649237426
3649237427
3649237428
3649237429
3649237434
3649237435
3649237437
3649237439
3649237440
3649237444
3649237445
3649237446
3649237447
3649237448
3649237449
3649237450
3649237451
3649237452
3649237458
3649237459
3649237460
3649237464
3649237466
3649237469
3649237471
3649237475
3649237476
3649237477
3649237478
3649237481
3649237482
3649237483
3649237485
3649237488
3649237492
3649237495
3649237496
3649237501
3649237502
3649237504
3649237505
3649237507
3649237512
3649237515
3649237516
3649237521
3649237522
3649237526
3649237551
3649237552
3649237554
3649237556
3649237558
3649237560
3649237564
3649237565
3649237570
3649237571
3649237574
3649237575
3649237576
3649237580
3649237596
3649237597
3649237598
3649237601
3649237603
3649237607
3649237608
3649237609
3649237611
3649237637
3649237665
3649237694
3649237696
3649237698
3649237699
3649237700
3649237701
3649237702
3649237704
3649237706
3649237707
3649237709
3649237711
3649237715
3649237717
3649237723
3649237724
3649237732
3649237733
3649237734
3649237735
3649237736
3649237737
3649237738
3649237739
3649237740
3649237754
3649237755
3649237756
3649237757
3649237758
3649237759
3649237761
3649237763
3649237764
3649237767
3649237770
3649237771
3649237772
3649237776
3649237778
3649237779
3649237780
3649237781
3649237785
3649237786
3649237791
3649237793
3649237795
3649237796
3649237797
3649237798
3649237803
3649237808
3649237809
3649237810
3649237811
3649237812
3649237814
3649237816
3649237820
3649237821
3649237823
3649237824
3649237825
3649237833
3649237834
3649237837
3649237839
3649237840
3649237842
3649237850
3649237855
3649237857
3649237861
3649237862
3649237865
3649237866
3649237870
3649237871
3649237873
3649237874
3649237876
3649237877
3649237878
3649237879
3649237881
3649237883
3649237884
3649237888
3649237894
3649237896
3649237897
3649237898
3649237899
3649237902
3649237903
3649237904
3649237906
3649237907
3649237908
3649237910
3649237919
3649237925
3649237941
3649237942
3649237943
3649237955
3649237957
3649237965
3649237966
3649237973
3649237975
3649237977
3649237978
3649237981
3649237983
3649237989
3649237990
3649237991
3649237993
3649237995
3649237998
3649238000
3649238008
3649238011
3649238012
3649238016
3649238030
3649238036
3649238041
3649238042
3649238043
3649238044
3649238047
3649238049
3649238053
3649238054
3649238055
3649238074
3649238083
3649238084
3649238085
3649238088
3649238092
3649238095
3649238096
3649238097
3649238098
3649238099
3649238100
3649238105
3649238106
3649238109
3649238110
3649238117
3649238121
3649238124
3649238125
3649238134
3649238136
3649238137
3649238140
3649238141
3649238142
3649238147
3649238148
3649238150
3649238151
3649238153
3649238154
3649238155
3649238156
3649238157
3649238162
3649238167
3649238168
3649238170
3649238175
3649238177
3649238178
3649238179
3649238181
3649238183
3649238184
3649238186
3649238187
3649238189
3649238190
3649238192
3649238195
3649238202
3649238216
3649238217
3649238226
3649238228
3649238239
3649238240
3649238241
3649238242
3649238243
3649238244
3649238245
3649238251
3649238252
3649238254
3649238256
3649238258
3649238259
3649238264
3649238269
3649238270
3649238271
3649238272
3649238274
3649238275
3649238276
3649238277
3649238279
3649238281
3649238282
3649238283
3649238286
3649238287
3649238299
3649238300
3649238303
3649238304
3649238305
3649238308
3649238309
3649238310
3649238311
3649238312
3649238313
3649238314
3649238315
3649238316
3649238332
3649238337
3649238338
3649238343
3649238347
3649238348
3649238350
3649238351
3649238355
3649238357
3649238371
3649238373
3649238383
3649238384
3649238385
3649238386
3649238390
3649238393
3649238394
3649238396
3649238397
3649238399
3649238400
3649238401
3649238404
3649238420
3649238421
3649238430
3649238444
3649238449
3649238450
3649238451
3649238452
3649238455
3649238456
3649238457
3649238459
3649238460
3649238461
3649238463
3649238464
3649238465
3649238466
3649238476
3649238490
3649238491
3649238492
3649238494
3649238495
3649238496
3649238497
3649238501
3649238502
3649238517
3649238519
3649238520
3649238529
3649238531
3649238534
3649238535
3649238538
3649238539
3649238540
3649238542
3649238543
3649238550
3649238551
3649238552
3649238555
3649238557
3649238560
3649238561
3649238563
3649238565
3649238566
3649238567
3649238568
3649238570
3649238588
3649238593
3649238598
3649238602
3649238603
3649238604
3649238607
3649238609
3649238610
3649238611
3649238612
3649238613
3649238617
3649238631
3649238632
3649238635
3649238637
3649238638
3649238639
3649238647
3649238648
3649238649
3649238650
3649238651
3649238657
3649238658
3649238659
3649238660
3649238665
3649238669
3649238670
3649238671
3649238672
3649238674
3649238676
3649238678
3649238680
3649238682
3649238684
3649238688
3649238689
3649238690
3649238701
3649238703
3649238704
3649238705
3649238706
3649238707
3649238708
3649238709
3649238718
3649238719
3649238722
3649238727
3649238730
3649238731
3649238733
3649238734
3649238735
3649238736
3649238744
3649238745
3649238747
3649238750
3649238753
3649238754
3649238755
3649238756
3649238757
3649238758
3649238760
3649238761
3649238763
3649238764
3649238765
3649238767
3649238768
3649238770
3649238776
3649238781
3649238782
3649238798
3649238801
3649238802
3649238804
3649238805
3649238807
3649238808
3649238810
3649238812
3649238813
3649238814
3649238815
3649238817
3649238818
3649238819
3649238820
3649238826
3649238827
3649238828
3649238832
3649238834
3649238835
3649238840
3649238844
3649238845
3649238848
3649238849
3649238850
3649238856
3649238858
3649238860
3649238863
3649238864
3649238865
3649238866
3649238877
3649238882
3649238883
3649238884
3649238886
3649238899
3649238902
3649238913
3649238922
3649238923
3649238924
3649238931
3649238942
3649238944
3649238952
3649238958
3649238960
3649238962
3649238972
3649238973
3649238974
3649238975
3649238976
3649238978
3649238980
3649238983
3649238984
3649238985
3649238987
3649238988
3649238989
3649238991
3649238993
3649238994
3649238995
3649238998
3649238999
3649239002
3649239003
3649239007
3649239008
3649239009
3649239015
3649239017
3649239018
3649239019
3649239025
3649239028
3649239033
3649239040
3649239042
3649239046
3649239054
3649239055
3649239059
3649239060
3649239061
3649239068
3649239070
3649239071
3649239077
3649239079
3649239082
3649239083
3649239084
3649239087
3649239095
3649239096
3649239111
3649239113
3649239116
3649239118
3649239119
3649239120
3649239124
3649239125
3649239126
3649239128
3649239135
3649239136
3649239139
3649239142
3649239143
3649239145
3649239146
3649239147
3649239148
3649239152
3649239153
3649239154
3649239155
3649239156
3649239157
3649239158
3649239162
3649239182
3649239183
3649239184
3649239185
3649239186
3649239197
3649239199
3649239200
3649239202
3649239203
3649239204
3649239206
3649239207
3649239209
3649239211
3649239212
3649239213
3649239226
3649239230
3649239231
3649239237
3649239242
3649239243
3649239244
3649239245
3649239246
3649239247
3649239248
3649239251
3649239252
3649239257
3649239258
3649239261
3649239269
3649239301
3649239305
3649239307
3649239311
3649239316
3649239317
3649239320
3649239321
3649239322
3649239323
3649239324
3649239342
3649239343
3649239346
3649239349
3649239350
3649239351
3649239352
3649239354
3649239356
3649239357
3649239360
3649239367
3649239368
3649239369
3649239370
3649239371
3649239373
3649239381
3649239387
3649239389
3649239391
3649239393
3649239400
3649239401
3649239403
3649239414
3649239433
3649239442
3649239444
3649239447
3649239448
3649239450
3649239451
3649239453
3649239455
3649239456
3649239458
3649239459
3649239460
3649239463
3649239465
3649239466
3649239467
3649239472
3649239473
3649239474
3649239481
3649239482
3649239492
3649239494
3649239496
3649239497
3649239498
3649239503
3649239504
3649239525
3649239535
3649239538
3649239539
3649239540
3649239543
3649239545
3649239548
3649239550
3649239557
3649239558
3649239560
3649239561
3649239562
3649239567
3649239568
3649239570
3649239571
3649239572
3649239574
3649239578
3649239583
3649239595
3649239596
3649239598
3649239599
3649239600
3649239605
3649239607
3649239608
3649239610
3649239611
3649239612
3649239615
3649239617
3649239639
3649239640
3649239652
3649239653
3649239655
3649239657
3649239659
3649239660
3649239666
3649239669
3649239674
3649239675
3649239677
3649239678
3649239680
3649239681
3649239683
3649239685
3649239687
3649239691
3649239692
3649239693
3649239694
3649239695
3649239696
3649239698
3649239700
3649239706
3649239710
3649239712
3649239713
3649239714
3649239717
3649239718
3649239720
3649239722
3649239725
3649239727
3649239728
3649239729
3649239730
3649239732
3649239733
3649239734
3649239736
3649239747
3649239748
3649239749
3649239752
3649239755
3649239756
3649239760
3649239764
3649239766
3649239769
3649239771
3649239772
3649239773
3649239774
3649239775
3649239794
3649239796
3649239797
3649239799
3649239800
3649239802
3649239803
3649239808
3649239810
3649239812
3649239813
3649239814
3649239822
3649239823
3649239824
3649239828
3649239829
3649239832
3649239834
3649239835
3649239838
3649239839
3649239841
3649239849
3649239850
3649239862
3649239896
3649239906
3649239914
3649239917
3649239921
3649239922
3649239924
3649239926
3649239927
3649239928
3649239936
3649239938
3649239952
3649239954
3649239956
3649239959
3649239960
3649239962
3649239965
3649239968
3649239971
3649239972
3649239973
3649239989
3649239990
3649239996
3649239997
3649239998
3649240000
3649240001
3649240006
3649240015
3649240016
3649240024
3649240026
3649240027
3649240028
3649240029
3649240042
3649240043
3649240044
3649240047
3649240050
3649240059
3649240063
3649240065
3649240069
3649240070
3649240073
3649240086
3649240088
3649240101
3649240110
3649240113
3649240114
3649240115
3649240119
3649240120
3649240121
3649240124
3649240125
3649240128
3649240130
3649240132
3649240133
3649240137
3649240139
3649240145
3649240150
3649240151
3649240152
3649240155
3649240156
3649240157
3649240158
3649240160
3649240162
3649240163
3649240164
3649240165
3649240166
3649240167
3649240168
3649240170
3649240171
3649240172
3649240173
3649240180
3649240185
3649240186
3649240195
3649240197
3649240198
3649240200
3649240201
3649240203
3649240216
3649240217
3649240218
3649240222
3649240223
3649240225
3649240240
3649240242
3649240251
3649240255
3649240260
3649240261
3649240263
3649240264
3649240266
3649240267
3649240268
3649240269
3649240270
3649240271
3649240274
3649240275
3649240276
3649240277
3649240278
3649240281
3649240283
3649240284
3649240287
3649240290
3649240294
3649240295
3649240309
3649240313
3649240318
3649240319
3649240323
3649240324
3649240325
3649240326
3649240327
3649240328
3649240329
3649240331
3649240332
3649240333
3649240335
3649240337
3649240346
3649240348
3649240349
3649240351
3649240353
3649240355
3649240356
3649240357
3649240358
3649240359
3649240379
3649240380
3649240381
3649240383
3649240393
3649240394
3649240395
3649240396
3649240405
3649240406
3649240408
3649240410
3649240411
3649240415
3649240416
3649240418
3649240419
3649240420
3649240421
3649240423
3649240425
3649240427
3649240456
3649240457
3649240458
3649240462
3649240464
3649240465
3649240467
3649240468
3649240470
3649240471
3649240477
3649240479
3649240483
3649240489
3649240490
3649240491
3649240492
3649240495
3649240499
3649240500
3649240501
3649240506
3649240508
3649240509
3649240510
3649240524
3649240525
3649240526
3649240528
3649240530
3649240532
3649240536
3649240537
3649240541
3649240542
3649240556
3649240558
3649240559
3649240561
3649240564
3649240568
3649240575
3649240577
3649240580
3649240585
3649240586
3649240587
3649240589
3649240590
3649240592
3649240593
3649240595
3649240596
3649240597
3649240599
3649240600
3649240601
3649240610
3649240611
3649240612
3649240613
3649240619
3649240620
3649240622
3649240623
3649240624
3649240629
3649240630
3649240631
3649240632
3649240633
3649240641
3649240649
3649240651
3649240662
3649240672
3649240688
3649240689
3649240693
3649240713
3649240714
3649240719
3649240725
3649240726
3649240728
3649240731
3649240733
3649240739
3649240740
3649240744
3649240747
3649240748
3649240749
3649240750
3649240751
3649240754
3649240755
3649240756
3649240760
3649240761
3649240778
3649240779
3649240783
3649240785
3649240786
3649240789
3649240790
3649240793
3649240794
3649240795
3649240798
3649240801
3649240803
3649240804
3649240805
3649240809
3649240810
3649240811
3649240814
3649240815
3649240843
3649240844
3649240846
3649240848
3649240850
3649240851
3649240857
3649240858
3649240859
3649240863
3649240875
3649240885
3649240886
3649240887
3649240889
3649240890
3649240892
3649240895
3649240896
3649240900
3649240904
3649240906
3649240909
3649240910
3649240912
3649240913
3649240914
3649240970
3649240971
3649240974
3649240975
3649240976
3649240978
3649240999
3649241001
3649241004
3649241022
3649241023
3649241024
3649241028
3649241029
3649241031
3649241034
3649241036
3649241038
3649241042
3649241043
3649241044
3649241049
3649241050
3649241052
3649241053
3649241055
3649241058
3649241060
3649241063
3649241067
3649241068
3649241070
3649241081
3649241082
3649241083
3649241084
3649241091
3649241092
3649241096
3649241097
3649241098
3649241099
3649241100
3649241101
3649241107
3649241109
3649241111
3649241112
3649241113
3649241114
3649241133
3649241140
3649241146
3649241154
3649241156
3649241157
3649241158
3649241166
3649241204
3649241219
3649241220
3649241221
3649241222
3649241224
3649241225
3649241226
3649241235
3649241238
3649241239
3649241240
3649241253
3649241257
3649241260
3649241261
3649241275
3649241280
3649241281
3649241282
3649241291
3649241293
3649241294
3649241298
3649241300
3649241302
3649241304
3649241306
3649241321
3649241323
3649241325
3649241326
3649241330
3649241331
3649241333
3649241334
3649241336
3649241342
3649241351
3649241358
3649241369
3649241371
3649241372
3649241376
3649241377
3649241400
3649241402
3649241403
3649241406
3649241407
3649241408
3649241412
3649241413
3649241414
3649241415
3649241424
3649241425
3649241426
3649241443
3649241445
3649241446
3649241456
3649241458
3649241462
3649241472
3649241473
3649241474
3649241477
3649241478
3649241479
3649241480
3649241483
3649241484
3649241488
3649241495
3649241496
3649241498
3649241500
3649241503
3649241504
3649241506
3649241507
3649241509
3649241512
3649241530
3649241531
3649241532
3649241544
3649241550
3649241551
3649241567
3649241569
3649241571
3649241573
3649241574
3649241578
3649241580
3649241587
3649241589
3649241590
3649241591
3649241592
3649241593
3649241594
3649241595
3649241597
3649241600
3649241601
3649241605
3649241630
3649241631
3649241632
3649241635
3649241636
3649241640
3649241641
3649241642
3649241643
3649241644
3649241648
3649241651
3649241652
3649241655
3649241658
3649241659
3649241660
3649241661
3649241662
3649241671
3649241674
3649241675
3649241676
3649241680
3649241681
3649241682
3649241683
3649241685
3649241686
3649241689
3649241690
3649241691
3649241692
3649241699
3649241701
3649241704
3649241706
3649241708
3649241709
3649241711
3649241712
3649241713
3649241714
3649241715
3649241716
3649241718
3649241727
3649241728
3649241729
3649241738
3649241739
3649241741
3649241742
3649241744
3649241761
3649241765
3649241767
3649241768
3649241789
3649241791
3649241800
3649241802
3649241803
3649241804
3649241805
3649241808
3649241809
3649241811
3649241813
3649241814
3649241815
3649241817
3649241818
3649241824
3649241825
3649241826
3649241827
3649241828
3649241833
3649241836
3649241838
3649241858
3649241859
3649241861
3649241862
3649241865
3649241866
3649241867
3649241870
3649241871
3649241876
3649241877
3649241878
3649241880
3649241882
3649241883
3649241884
3649241885
3649241889
3649241890
3649241891
3649241893
3649241895
3649241898
3649241902
3649241906
3649241907
3649241908
3649241909
3649241910
3649241912
3649241914
3649241916
3649241918
3649241921
3649241923
3649241926
3649241927
3649241928
3649241930
3649241934
3649241935
3649241936
3649241937
3649241938
3649241939
3649241940
3649241942
3649241947
3649241948
3649241950
3649241952
3649241953
3649241954
3649241956
3649241957
3649241959
3649241971
3649241972
3649241973
3649241974
3649241975
3649241977
3649241978
3649241980
3649241981
3649241983
3649242011
3649242013
3649242015
3649242017
3649242018
3649242019
3649242021
3649242022
3649242029
3649242030
3649242032
3649242057
3649242059
3649242063
3649242069
3649242076
3649242079
3649242085
3649242099
3649242100
3649242101
3649242109
3649242116
3649242122
3649242123
3649242132
3649242133
3649242134
3649242135
3649242136
3649242137
3649242139
3649242140
3649242145
3649242146
3649242147
3649242148
3649242159
3649242161
3649242163
3649242165
3649242176
3649242177
3649242178
3649242180
3649242191
3649242193
3649242194
3649242196
3649242197
3649242198
3649242199
3649242210
3649242212
3649242219
3649242222
3649242223
3649242226
3649242227
3649242240
3649242242
3649242254
3649242255
3649242256
3649242258
3649242259
3649242269
3649242271
3649242272
3649242273
3649242274
3649242275
3649242282
3649242283
3649242291
3649242292
3649242293
3649242298
3649242299
3649242309
3649242312
3649242313
3649242315
3649242328
3649242329
3649242339
3649242340
3649242344
3649242345
3649242346
3649242347
3649242351
3649242352
3649242359
3649242367
3649242368
3649242375
3649242393
3649242403
3649242405
3649242406
3649242433
3649242435
3649242436
3649242443
3649242446
3649242449
3649242450
3649242451
3649242453
3649242455
3649242456
3649242457
3649242464
3649242499
3649242506
3649242507
3649242508
3649242509
3649242510
3649242511
3649242512
3649242513
3649242514
3649242516
3649242518
3649242521
3649242522
3649242523
3649242527
3649242528
3649242529
3649242530
3649242538
3649242539
3649242540
3649242565
3649242567
3649242575
3649242577
3649242594
3649242597
3649242598
3649242600
3649242603
3649242606
3649242607
3649242608
3649242609
3649242613
3649242614
3649242629
3649242630
3649242647
3649242654
3649242663
3649242665
3649242666
3649242667
3649242668
3649242677
3649242680
3649242682
3649242684
3649242686
3649242688
3649242689
3649242691
3649242707
3649242716
3649242720
3649242721
3649242722
3649242743
3649242745
3649242747
3649242748
3649242749
3649242750
3649242751
3649242754
3649242755
3649242756
3649242758
3649242760
3649242762
3649242764
3649242766
3649242768
3649242769
3649242770
3649242773
3649242775
3649242776
3649242777
3649242780
3649242781
3649242782
3649242784
3649242787
3649242788
3649242789
3649242790
3649242793
3649242798
3649242799
3649242807
3649242808
3649242814
3649242817
3649242818
3649242821
3649242823
3649242825
3649242827
3649242834
3649242850
3649242852
3649242856
3649242857
3649242858
3649242869
3649242871
3649242872
3649242881
3649242882
3649242883
3649242893
3649242897
3649242898
3649242899
3649242900
3649242903
3649242905
3649242906
3649242910
3649242913
3649242914
3649242916
3649242919
3649242920
3649242921
3649242923
3649242924
3649242925
3649242930
3649242931
3649242933
3649242938
3649242945
3649242951
3649242952
3649242953
3649242954
3649242955
3649242957
3649242959
3649242967
3649242973
3649242974
3649242975
3649242976
3649242978
3649242979
3649242980
3649242981
3649242982
3649242983
3649242988
3649242991
3649242992
3649242994
3649242995
3649242996
3649242999
3649243004
3649243005
3649243007
3649243008
3649243015
3649243016
3649243023
3649243026
3649243032
3649243034
3649243035
3649243039
3649243043
3649243046
3649243047
3649243049
3649243050
3649243051
3649243062
3649243064
3649243067
3649243077
3649243082
3649243083
3649243086
3649243087
3649243089
3649243090
3649243091
3649243092
3649243096
3649243097
3649243098
3649243101
3649243103
3649243104
3649243105
3649243106
3649243107
3649243109
3649243113
3649243114
3649243115
3649243116
3649243123
3649243124
3649243127
3649243128
3649243132
3649243134
3649243137
3649243138
3649243139
3649243140
3649243144
3649243153
3649243157
3649243158
3649243159
3649243169
3649243170
3649243171
3649243173
3649243174
3649243175
3649243176
3649243177
3649243181
3649243182
3649243184
3649243185
3649243187
3649243191
3649243194
3649243195
3649243198
3649243199
3649243201
3649243203
3649243204
3649243206
3649243210
3649243211
3649243216
3649243217
3649243218
3649243219
3649243220
3649243221
3649243222
3649243223
3649243224
3649243226
3649243227
3649243235
3649243236
3649243238
3649243247
3649243250
3649243252
3649243253
3649243255
3649243257
3649243259
3649243260
3649243261
3649243262
3649243264
3649243265
3649243282
3649243283
3649243285
3649243287
3649243289
3649243290
3649243291
3649243292
3649243293
3649243295
3649243300
3649243301
3649243305
3649243327
3649243331
3649243335
3649243336
3649243343
3649243347
3649243352
3649243367
3649243368
3649243370
3649243373
3649243376
3649243377
3649243379
3649243380
3649243400
3649243401
3649243403
3649243406
3649243408
3649243410
3649243412
3649243416
3649243417
3649243418
3649243421
3649243425
3649243432
3649243433
3649243434
3649243436
3649243443
3649243453
3649243459
3649243460
3649243461
3649243465
3649243468
3649243472
3649243473
3649243474
3649243475
3649243476
3649243477
3649243478
3649243479
3649243480
3649243482
3649243485
3649243487
3649243490
3649243491
3649243492
3649243494
3649243498
3649243500
3649243501
3649243502
3649243503
3649243504
3649243505
3649243508
3649243509
3649243510
3649243513
3649243514
3649243515
3649243518
3649243520
3649243522
3649243526
3649243528
3649243529
3649243539
3649243540
3649243549
3649243552
3649243554
3649243555
3649243561
3649243564
3649243565
3649243567
3649243571
3649243575
3649243581
3649243584
3649243586
3649243587
3649243589
3649243590
3649243591
3649243592
3649243594
3649243595
3649243602
3649243614
3649243637
3649243638
3649243639
3649243647
3649243648
3649243653
3649243655
3649243658
3649243659
3649243664
3649243667
3649243668
3649243669
3649243671
3649243672
3649243674
3649243675
3649243677
3649243678
3649243680
3649243681
3649243692
3649243693
3649243694
3649243697
3649243699
3649243702
3649243705
3649243706
3649243711
3649243712
3649243716
3649243717
3649243718
3649243722
3649243725
3649243726
3649243727
3649243730
3649243731
3649243742
3649243743
3649243746
3649243749
3649243751
3649243752
3649243753
3649243755
3649243759
3649243766
3649243769
3649243772
3649243775
3649243791
3649243793
3649243796
3649243797
3649243798
3649243799
3649243802
3649243804
3649243805
3649243806
3649243808
3649243813
3649243816
3649243817
3649243821
3649243823
3649243825
3649243827
3649243828
3649243829
3649243831
3649243832
3649243835
3649243840
3649243841
3649243843
3649243846
3649243865
3649243866
3649243867
3649243869
3649243876
3649243879
3649243880
3649243888
3649243892
3649243899
3649243900
3649243902
3649243904
3649243905
3649243907
3649243908
3649243911
3649243914
3649243915
3649243918
3649243919
3649243920
3649243922
3649243925
3649243928
3649243929
3649243930
3649243931
3649243932
3649243933
3649243937
3649243938
3649243939
3649243942
3649243945
3649243947
3649243950
3649243951
3649243963
3649243974
3649243976
3649243977
3649243979
3649243980
3649243981
3649243982
3649243985
3649243991
3649243992
3649243993
3649243994
3649243995
3649243996
3649243998
3649244017
3649244018
3649244021
3649244023
3649244025
3649244026
3649244027
3649244028
3649244030
3649244034
3649244062
3649244063
3649244072
3649244073
3649244081
3649244083
3649244084
3649244104
3649244105
3649244110
3649244117
3649244132
3649244133
3649244134
3649244137
3649244138
3649244139
3649244141
3649244142
3649244143
3649244144
3649244145
3649244146
3649244148
3649244149
3649244150
3649244151
3649244152
3649244154
3649244168
3649244171
3649244172
3649244174
3649244179
3649244188
3649244190
3649244192
3649244194
3649244198
3649244199
3649244200
3649244201
3649244207
3649244211
3649244215
3649244217
3649244221
3649244222
3649244226
3649244241
3649244243
3649244244
3649244247
3649244249
3649244251
3649244252
3649244254
3649244255
3649244256
3649244260
3649244261
3649244262
3649244263
3649244266
3649244267
3649244268
3649244269
3649244270
3649244276
3649244277
3649244286
3649244287
3649244289
3649244290
3649244291
3649244292
3649244293
3649244294
3649244296
3649244298
3649244299
3649244301
3649244302
3649244305
3649244306
3649244309
3649244311
3649244312
3649244313
3649244315
3649244316
3649244317
3649244329
3649244330
3649244331
3649244332
3649244335
3649244336
3649244337
3649244339
3649244341
3649244343
3649244344
3649244345
3649244346
3649244348
3649244351
3649244357
3649244360
3649244361
3649244363
3649244364
3649244366
3649244368
3649244370
3649244388
3649244391
3649244397
3649244398
3649244399
3649244400
3649244403
3649244404
3649244412
3649244415
3649244416
3649244425
3649244427
3649244428
3649244436
3649244438
3649244439
3649244440
3649244441
3649244442
3649244443
3649244456
3649244457
3649244459
3649244460
3649244463
3649244464
3649244468
3649244478
3649244481
3649244483
3649244484
3649244488
3649244492
3649244493
3649244495
3649244498
3649244500
3649244503
3649244504
3649244508
3649244511
3649244514
3649244516
3649244524
3649244526
3649244529
3649244531
3649244532
3649244535
3649244545
3649244546
3649244547
3649244548
3649244549
3649244553
3649244554
3649244555
3649244556
3649244558
3649244560
3649244572
3649244573
3649244574
3649244576
3649244577
3649244578
3649244581
3649244582
3649244584
3649244588
3649244589
3649244592
3649244596
3649244597
3649244600
3649244604
3649244607
3649244608
3649244609
3649244616
3649244620
3649244642
3649244643
3649244644
3649244646
3649244647
3649244649
3649244650
3649244651
3649244652
3649244655
3649244667
3649244684
3649244685
3649244686
3649244690
3649244691
3649244692
3649244696
3649244697
3649244745
3649244746
3649244751
3649244764
3649244767
3649244770
3649244781
3649244782
3649244783
3649244784
3649244786
3649244787
3649244788
3649244789
3649244792
3649244797
3649244798
3649244800
3649244802
3649244806
3649244807
3649244809
3649244810
3649244815
3649244817
3649244819
3649244820
3649244823
3649244825
3649244827
3649244828
3649244829
3649244830
3649244831
3649244836
3649244837
3649244838
3649244839
3649244840
3649244841
3649244843
3649244845
3649244846
3649244850
3649244854
3649244856
3649244857
3649244858
3649244859
3649244868
3649244869
3649244871
3649244872
3649244873
3649244876
3649244878
3649244881
3649244882
3649244889
3649244890
3649244891
3649244894
3649244896
3649244906
3649244907
3649244908
3649244913
3649244916
3649244917
3649244921
3649244961
3649244962
3649244967
3649244968
3649244969
3649244973
3649244983
3649244985
3649244988
3649244989
3649244991
3649244992
3649244993
3649244994
3649245012
3649245013
3649245025
3649245026
3649245030
3649245035
3649245036
3649245038
3649245039
3649245049
3649245051
3649245053
3649245055
3649245056
3649245061
3649245062
3649245067
3649245068
3649245070
3649245071
3649245072
3649245074
3649245076
3649245077
3649245079
3649245101
3649245102
3649245103
3649245104
3649245107
3649245108
3649245110
3649245112
3649245113
3649245122
3649245123
3649245126
3649245128
3649245129
3649245131
3649245133
3649245135
3649245138
3649245143
3649245145
3649245146
3649245148
3649245151
3649245154
3649245157
3649245158
3649245162
3649245177
3649245178
3649245180
3649245183
3649245186
3649245188
3649245189
3649245190
3649245191
3649245192
3649245193
3649245195
3649245196
3649245198
3649245199
3649245202
3649245203
3649245204
3649245208
3649245212
3649245217
3649245218
3649245228
3649245230
3649245231
3649245233
3649245236
3649245238
3649245240
3649245249
3649245251
3649245253
3649245254
3649245255
3649245256
3649245264
3649245265
3649245270
3649245271
3649245272
3649245275
3649245276
3649245278
3649245279
3649245281
3649245282
3649245284
3649245285
3649245288
3649245289
3649245290
3649245291
3649245292
3649245293
3649245296
3649245297
3649245298
3649245299
3649245301
3649245302
3649245305
3649245310
3649245322
3649245329
3649245330
3649245332
3649245333
3649245335
3649245342
3649245347
3649245348
3649245350
3649245352
3649245359
3649245361
3649245363
3649245364
3649245365
3649245367
3649245368
3649245372
3649245375
3649245376
3649245381
3649245382
3649245384
3649245386
3649245388
3649245392
3649245394
3649245395
3649245396
3649245399
3649245400
3649245403
3649245405
3649245406
3649245407
3649245414
3649245415
3649245416
3649245417
3649245418
3649245422
3649245423
3649245424
3649245425
3649245426
3649245428
3649245435
3649245442
3649245443
3649245448
3649245452
3649245453
3649245454
3649245465
3649245469
3649245470
3649245474
3649245475
3649245477
3649245478
3649245479
3649245482
3649245483
3649245504
3649245505
3649245508
3649245509
3649245512
3649245514
3649245516
3649245522
3649245533
3649245540
3649245548
3649245550
3649245551
3649245552
3649245554
3649245556
3649245557
3649245558
3649245563
3649245564
3649245571
3649245574
3649245575
3649245576
3649245582
3649245584
3649245586
3649245587
3649245588
3649245589
3649245591
3649245594
3649245596
3649245597
3649245598
3649245602
3649245605
3649245606
3649245607
3649245609
3649245610
3649245611
3649245614
3649245615
3649245617
3649245618
3649245619
3649245620
3649245626
3649245628
3649245630
3649245632
3649245633
3649245634
3649245636
3649245639
3649245641
3649245643
3649245651
3649245653
3649245655
3649245658
3649245659
3649245661
3649245662
3649245663
3649245664
3649245665
3649245666
3649245670
3649245674
3649245676
3649245677
3649245678
3649245680
3649245681
3649245685
3649245689
3649245690
3649245694
3649245702
3649245704
3649245706
3649245709
3649245711
3649245712
3649245715
3649245716
3649245719
3649245720
3649245724
3649245726
3649245727
3649245728
3649245729
3649245730
3649245731
3649245732
3649245744
3649245748
3649245751
3649245754
3649245761
3649245770
3649245772
3649245773
3649245776
3649245777
3649245782
3649245783
3649245784
3649245785
3649245786
3649245788
3649245790
3649245791
3649245792
3649245793
3649245795
3649245797
3649245798
3649245799
3649245800
3649245802
3649245803
3649245805
3649245811
3649245812
3649245813
3649245814
3649245816
3649245817
3649245818
3649245819
3649245828
3649245830
3649245832
3649245833
3649245835
3649245836
3649245837
3649245839
3649245842
3649245843
3649245845
3649245846
3649245847
3649245848
3649245852
3649245856
3649245860
3649245866
3649245874
3649245875
3649245876
3649245880
3649245881
3649245888
3649245889
3649245893
3649245895
3649245896
3649245897
3649245898
3649245899
3649245901
3649245904
3649245905
3649245906
3649245907
3649245908
3649245909
3649245911
3649245913
3649245919
3649245935
3649245936
3649245939
3649245941
3649245948
3649245949
3649245950
3649245952
3649245953
3649245954
3649245955
3649245956
3649245959
3649245960
3649245962
3649245966
3649245969
3649245970
3649245971
3649245974
3649245979
3649245982
3649245991
3649245992
3649245994
3649245995
3649245997
3649245998
3649245999
3649246000
3649246001
3649246002
3649246003
3649246004
3649246015
3649246017
3649246018
3649246020
3649246049
3649246050
3649246053
3649246056
3649246070
3649246072
3350 - всего